220 253
220 253
219 253
218 251
217 252
216 253
215 254
214 253
213 253
212 254
211 254
210 255
209 255
208 256
207 255
206 256
205 256
204 256
203 257
202 257
201 258
200 258
199 258
198 259
197 259
196 260
195 261
194 262
193 263
192 263
191 263
190 264
189 264
188 264
187 264
186 264
185 264
184 264
183 264
182 264
181 264
180 263
179 263
178 263
177 262
176 261
175 260
174 260
173 260
172 260
171 259
170 259
169 259
168 258
167 258
166 258
165 258
164 258
163 258
162 258
161 257
160 256
159 256
158 256
157 256
156 256
155 257
154 259
153 260
152 260
151 259
150 261
149 261
148 263
147 263
146 265
145 265
144 265
143 264
142 264
141 263
140 263
139 263
138 263
137 264
136 263
135 262
134 262
133 262
132 261
131 261
130 261
129 261
128 261
127 262
126 262
125 261
